1.522681913099975179e-02
1.522629263856068067e-02
1.522576990615644513e-02
1.522525134245668321e-02
1.522473674018047334e-02
1.522422601491596472e-02
1.522371906949287514e-02
1.522321629450054323e-02
1.522271703966094659e-02
1.522222157729611475e-02
1.522172978024730582e-02
1.522124177865767300e-02
1.522075718996161210e-02
1.522027625985454893e-02
1.521979900047279975e-02
1.521932497648625232e-02
1.521885447449673572e-02
1.521838753909930675e-02
1.521792361280785086e-02
1.521746317467084081e-02
1.521700571002849132e-02
1.521655174738959643e-02
1.521610074601271144e-02
1.521565274670553213e-02
1.521520812403854075e-02
1.521476632390194456e-02
1.521432757953158910e-02
1.521389188902636837e-02
1.521345892791411102e-02
1.521302899072448506e-02
1.521260200916122775e-02
1.521217785001389641e-02
1.521175644706589981e-02
1.521133778345195621e-02
1.521092162811477945e-02
1.521050840238859052e-02
1.521009772762573972e-02
1.520968972930720510e-02
1.520928414292397127e-02
1.520888104508192826e-02
1.520848051810651594e-02
1.520808265972773202e-02
1.520768720078922304e-02
1.520729409512911259e-02
1.520690347251870203e-02
1.520651512301472719e-02
1.520612919172294186e-02
1.520574542888164862e-02
1.520536397687454085e-02
1.520498488235970738e-02
1.520460785978698659e-02
1.520423305259805714e-02
1.520386051522295591e-02
1.520349001671711386e-02
1.520312183198592806e-02
1.520275545002323578e-02
1.520239117908469759e-02
1.520202899162093925e-02
1.520166883378098154e-02
1.520131066642416845e-02
1.520095445016240825e-02
1.520060020418977781e-02
1.520024793692946637e-02
1.519989749207573473e-02
1.519954880686465344e-02
1.519920198804152953e-02
1.519885697747751230e-02
1.519851380158912177e-02
1.519817245283060572e-02
1.519783278387113433e-02
1.519749490529126619e-02
1.519715878282398500e-02
1.519682435919896685e-02
1.519649145067379810e-02
1.519616019941665702e-02
1.519583056178700278e-02
1.519550248233660431e-02
1.519517605063527149e-02
1.519485143505948897e-02
1.519452823812777152e-02
1.519420645335017341e-02
1.519388621799264150e-02
1.519356772112519932e-02
1.519325052138277218e-02
1.519293498136871888e-02
1.519262079498670016e-02
1.519230800571249804e-02
1.519199663413034300e-02
1.519168675311209291e-02
1.519137822926587035e-02
1.519107099528431946e-02
1.519076525992817464e-02
1.519046092980399359e-02
1.519015752391948346e-02
1.518985561618014374e-02
1.518955489582429937e-02
1.518925542020663905e-02
1.518895734567230968e-02
1.518866040132555578e-02
1.518836481333578348e-02
