1.483272630850880971e-02
1.483272357367095354e-02
1.483272082905051116e-02
1.483271807931854126e-02
1.483271531918274426e-02
1.483271256211529318e-02
1.483270982302693081e-02
1.483270707906043581e-02
1.483270433298925113e-02
1.483270158833575880e-02
1.483269884206572624e-02
1.483269608193634771e-02
1.483269332696410259e-02
1.483269059390399450e-02
1.483268784164395657e-02
1.483268509064157928e-02
1.483268234313966233e-02
1.483267958893381283e-02
1.483267684028652389e-02
1.483267409786468913e-02
1.483267134761520958e-02
1.483266860420164555e-02
1.483266583826750931e-02
1.483266308844607279e-02
1.483266033967952507e-02
1.483265757897113575e-02
1.483265481809424059e-02
1.483265207196025892e-02
1.483264931773648800e-02
1.483264655365178382e-02
1.483264378625395903e-02
1.483264102035256396e-02
1.483263825797463513e-02
1.483263550090406155e-02
1.483263273477528933e-02
1.483262997324001978e-02
1.483262720585197536e-02
1.483262444046117706e-02
1.483262166857163104e-02
1.483261890850367908e-02
1.483261614857165310e-02
1.483261339315186840e-02
1.483261062208041971e-02
1.483260785138322893e-02
1.483260508082021555e-02
1.483260229795307396e-02
1.483259951926191832e-02
1.483259674600482386e-02
1.483259399212752232e-02
1.483259121997565662e-02
1.483258845107713123e-02
1.483258568572743200e-02
1.483258290408811901e-02
1.483258013633643145e-02
1.483257735782943232e-02
1.483257457724961731e-02
1.483257178442043585e-02
1.483256900762065962e-02
1.483256623963625544e-02
1.483256347084032506e-02
1.483256070646240751e-02
1.483255791492902112e-02
1.483255514181353561e-02
1.483255235881600353e-02
1.483254956275160963e-02
1.483254676998763122e-02
1.483254396996373618e-02
1.483254120107546647e-02
1.483253841827658626e-02
1.483253561954547134e-02
1.483253283641428402e-02
1.483253004174260245e-02
1.483252725206537191e-02
1.483252445693110377e-02
1.483252167001325970e-02
1.483251888583655108e-02
1.483251609530755223e-02
1.483251330218557720e-02
1.483251050888084212e-02
1.483250771807520865e-02
1.483250492900035564e-02
1.483250213435975511e-02
1.483249932896821277e-02
1.483249654394872517e-02
1.483249375630347686e-02
1.483249096746900447e-02
1.483248816964897153e-02
1.483248536292181528e-02
1.483248255324211978e-02
1.483247975110373214e-02
1.483247694762263556e-02
1.483247413023843463e-02
1.483247133126735194e-02
1.483246853599978245e-02
1.483246571935249551e-02
1.483246292068046528e-02
1.483246010571759137e-02
1.483245729121398550e-02
1.483245447600001730e-02
1.483245165425031362e-02
