1.483272630850880971e-02
1.483276580373092506e-02
1.483280603854544161e-02
1.483284787797219118e-02
1.483289045799577807e-02
1.483293387495357267e-02
1.483297802664949004e-02
1.483302308604768707e-02
1.483308318903894980e-02
1.483314401572905471e-02
1.483320556654158309e-02
1.483326783835735296e-02
1.483332599377789295e-02
1.483338487999453711e-02
1.483344449414653737e-02
1.483350539657276451e-02
1.483356723265887717e-02
1.483362987846336724e-02
1.483369300057621118e-02
1.483375773746584136e-02
1.483382319624484795e-02
1.483388950787033894e-02
1.483395654260518705e-02
1.483402253144584099e-02
1.483408924962521455e-02
1.483415669191025417e-02
1.483422485730268026e-02
1.483429308405737751e-02
1.483436489314540578e-02
1.483443782491335704e-02
1.483451155633721055e-02
1.483458588407115912e-02
1.483465874620482766e-02
1.483473289522410123e-02
1.483480696329169020e-02
1.483488093759631476e-02
1.483495562623773738e-02
1.483503104179266160e-02
1.483510745473827670e-02
1.483518325854058482e-02
1.483525996987700331e-02
1.483533830016907883e-02
1.483541716542840713e-02
1.483547865192210921e-02
1.483554066710658127e-02
1.483560341564313205e-02
1.483566689807445417e-02
1.483572474241609367e-02
1.483578333083962128e-02
1.483584122312683537e-02
1.483589606567877611e-02
1.483595158579891805e-02
1.483600841210652548e-02
1.483606597555445043e-02
1.483612425839056503e-02
1.483618383804899757e-02
1.483624415766436090e-02
1.483630619562793622e-02
1.483636624856875946e-02
1.483642679563234798e-02
1.483648808129941349e-02
1.483654847716382556e-02
1.483660961087072613e-02
1.483667119173582086e-02
1.483673351378879228e-02
1.483679670816911121e-02
1.483686063450843397e-02
1.483692530227927880e-02
1.483699408662431281e-02
1.483706403990835490e-02
1.483713418508385458e-02
1.483720506581904554e-02
1.483727333893297175e-02
1.483734346872274401e-02
1.483741413785518402e-02
1.483748183107375454e-02
1.483755136701763767e-02
1.483762284613849430e-02
1.483769506830759539e-02
1.483776803512072522e-02
1.483784174286498052e-02
1.483791667916566082e-02
1.483799198543479282e-02
1.483806821645159389e-02
1.483814519113301790e-02
1.483822458117434358e-02
1.483830471367537408e-02
1.483838558631579881e-02
1.483846754122339004e-02
1.483855023453050509e-02
1.483863322031475467e-02
1.483871658368567797e-02
1.483880053863156391e-02
1.483888523325578405e-02
1.483897070478946457e-02
1.483905398806096600e-02
1.483913801641755653e-02
1.483922232724369135e-02
1.483930551048481643e-02
1.483938944084330601e-02
