1.522681913099975179e-02
1.527746069593401666e-02
1.532821853136336065e-02
1.537928305815179815e-02
1.543051597025742877e-02
1.548134794606870895e-02
1.553263219005375333e-02
1.558390707442163133e-02
1.563589148059648867e-02
1.568761798101962757e-02
1.573967868071877649e-02
1.579180053555547664e-02
1.584452408623169758e-02
1.589779508223824328e-02
1.595142556688879804e-02
1.600465205090138843e-02
1.605782401980315049e-02
1.611172453433302662e-02
1.616610744672588446e-02
1.622056023892576998e-02
1.627553379362249586e-02
1.633076647028397152e-02
1.638636766648407170e-02
1.644234686395178169e-02
1.649885826600701669e-02
1.655514112537922328e-02
1.661185791803407655e-02
1.666939271916855619e-02
1.672747366059076576e-02
1.678524528251743378e-02
1.684323463083696112e-02
1.690152253459080781e-02
1.695984448519183979e-02
1.701841463332157134e-02
1.707779330072713500e-02
1.713742454425058043e-02
1.719625334110041343e-02
1.725551200069045180e-02
1.731509671025345184e-02
1.737501968909566444e-02
1.743529405875113986e-02
1.749569183254619242e-02
1.755623136608177454e-02
1.761734904776316932e-02
1.767795172003136517e-02
1.773980928186663641e-02
1.780193571468211347e-02
1.786421766037657802e-02
1.792722136242672071e-02
1.799074974661632811e-02
1.805397536519857266e-02
1.811764054558132053e-02
1.818155076681367971e-02
1.824533958462389027e-02
1.831016200482518674e-02
1.837518209592221494e-02
1.844085064428260812e-02
1.850734870086538988e-02
1.857365011678097783e-02
1.864045651457512179e-02
1.870806687947139044e-02
1.877613312719658353e-02
1.884432730799593531e-02
1.891279711780496919e-02
1.898150638136624629e-02
1.905044397454253371e-02
1.911987242756727629e-02
1.918965930286754829e-02
1.925987879706262881e-02
1.933031989238162898e-02
1.940054674901321372e-02
1.947071147527935225e-02
1.954144919216353748e-02
1.961253665109192676e-02
1.968428722058524968e-02
1.975611839084301380e-02
1.982816638571876719e-02
1.990015660309110701e-02
1.997248783656683374e-02
2.004564432363081100e-02
2.011904710416373074e-02
2.019300232903923839e-02
2.026774258911574755e-02
2.034337206152738234e-02
2.041876582125737652e-02
2.049471343239847240e-02
2.057111556023892562e-02
2.064882275522578192e-02
2.072704904819032759e-02
2.080554554120053745e-02
2.088464909161676791e-02
2.096416172743804235e-02
2.104395992351410991e-02
2.112342479998587097e-02
2.120308343804984744e-02
2.128315514123313087e-02
2.136385795850507044e-02
2.144394555132338870e-02
2.152445257576757198e-02
2.160514719501689315e-02
