1.483272630850880971e-02
1.483276583936099166e-02
1.483280610978558213e-02
1.486801205913848914e-02
1.486808019745472498e-02
1.486671321355443470e-02
1.486678448886201084e-02
1.489589661811549157e-02
1.481414100317210610e-02
1.481435486146403212e-02
1.481456936725120653e-02
1.483979631179059913e-02
1.483995955405713850e-02
1.484012349328892727e-02
1.484028811994913578e-02
1.483897690979953977e-02
1.483170014452897360e-02
1.483010735390694924e-02
1.481876710660153147e-02
1.476404929391834930e-02
1.476417338960766233e-02
1.476264278770753925e-02
1.476064424299357997e-02
1.474528403038725261e-02
1.474540070377618542e-02
1.477651384642404003e-02
1.476925493055695343e-02
1.474556242091441816e-02
1.472366235590426113e-02
1.472380797318637892e-02
1.471657811634007572e-02
1.471672628652082905e-02
1.474577905861255110e-02
1.468150946020281913e-02
1.468159514775166374e-02
1.469291443421307138e-02
1.469297875937632461e-02
1.467431313711262987e-02
1.467438071004520048e-02
1.467444881956388170e-02
1.458312990454269618e-02
1.458313725724076290e-02
1.456596085957209685e-02
1.467473247693837357e-02
1.466007171867975134e-02
1.465321758282610819e-02
1.476200005353190889e-02
1.476177372908132716e-02
1.479525381224545619e-02
1.479500898004141446e-02
1.466858985636777454e-02
1.470522568213910794e-02
1.474923660280097470e-02
1.474891230075360375e-02
1.475417793672021034e-02
1.477247069677726718e-02
1.477216062928772729e-02
1.481205984667003511e-02
1.478523103567309926e-02
1.475138682802623960e-02
1.476866022924055825e-02
1.472448673589674129e-02
1.472414165339150371e-02
1.472379733914330746e-02
1.472345379409382114e-02
1.472510020258643512e-02
1.472293910288546316e-02
1.474310285281699336e-02
1.474280483059319836e-02
1.472401369914844334e-02
1.473056610614589985e-02
1.473027388891394104e-02
1.479544172105714227e-02
1.479297794404038115e-02
1.475995333256340837e-02
1.475959645507216554e-02
1.473063457696529785e-02
1.480776088015144272e-02
1.480734546256009393e-02
1.479146315678455705e-02
1.479103795644934327e-02
1.482305493476360030e-02
1.483289338363998761e-02
1.481947095591458312e-02
1.483816482740588083e-02
1.483675538903627376e-02
1.476196772086397872e-02
1.476155969557967074e-02
1.476115362529618717e-02
1.478139100340754297e-02
1.478100240865955033e-02
1.474659320781122364e-02
1.474616304604796022e-02
1.477972017339040933e-02
1.477928869550907721e-02
1.480340633802819383e-02
1.483046276645191321e-02
1.487805247420192524e-02
1.487758656872763784e-02
1.488738864734939771e-02
